150.00	8.33E-04
165.00	9.16E-04
181.50	9.58E-04
199.65	1.04E-03
219.62	1.16E-03
241.58	1.25E-03
265.73	1.29E-03
292.31	1.45E-03
321.54	1.50E-03
353.69	1.66E-03
389.06	1.75E-03
427.97	1.87E-03
470.76	2.04E-03
517.84	2.29E-03
569.62	2.41E-03
626.59	2.62E-03
689.25	2.95E-03
758.17	3.20E-03
833.99	3.45E-03
917.39	3.79E-03
1000.00	4.12E-03
1009.12	4.16E-03
1110.04	4.58E-03
1221.04	5.08E-03
1343.15	5.50E-03
1477.46	6.04E-03
1625.21	6.66E-03
1787.73	7.33E-03
1966.50	8.04E-03
2163.15	8.75E-03
2379.46	9.62E-03
2617.41	1.05E-02
2879.15	1.15E-02
3167.07	1.28E-02
3483.77	1.40E-02
3832.15	1.55E-02
4215.37	1.71E-02
4636.90	1.89E-02
5100.59	2.09E-02
5610.65	2.31E-02
6171.72	2.56E-02
6788.89	2.84E-02
7467.78	3.16E-02
8214.55	3.54E-02
9036.01	4.00E-02
9939.61	4.52E-02
10933.57	5.12E-02
12026.93	5.87E-02
13229.62	6.87E-02
14552.59	8.20E-02
16007.84	9.91E-02
17608.63	1.24E-01
19369.49	1.67E-01
21306.44	2.40E-01
23437.08	3.93E-01
24608.94	5.02E-01
25101.12	5.31E-01
25780.79	5.38E-01
27069.83	4.50E-01
28358.87	3.45E-01
31194.76	2.18E-01
34314.23	1.58E-01
37745.66	1.20E-01
41520.22	9.27E-02
45672.25	7.91E-02
50239.47	6.66E-02
